SRR1039508,SRR1039509,SRR1039512,SRR1039513,SRR1039516,SRR1039517,SRR1039520,SRR1039521
ENSG00000000003,679,448,873,408,1138,1047,770,572
ENSG00000000005,0,0,0,0,0,0,0,0
ENSG00000000419,467,515,621,365,587,799,417,508
ENSG00000000457,260,211,263,164,245,331,233,229
ENSG00000000460,60,55,40,35,78,63,76,60
ENSG00000000938,0,0,2,0,1,0,0,0
ENSG00000000971,3251,3679,6177,4252,6721,11027,5176,7995
ENSG00000001036,1433,1062,1733,881,1424,1439,1359,1109
ENSG00000001084,519,380,595,493,820,714,696,704
ENSG00000001167,394,236,464,175,658,584,360,269
ENSG00000001460,172,168,264,118,241,210,155,177
ENSG00000001461,2112,1867,5137,2657,2735,2751,2467,2905
ENSG00000001497,524,488,638,357,676,806,493,475
ENSG00000001561,71,51,211,156,23,38,134,172
ENSG00000001617,555,394,905,415,727,697,618,599
ENSG00000001626,10,2,9,2,10,6,5,5
ENSG00000001629,1660,1251,2259,1079,2462,2514,1888,1660
ENSG00000001630,59,54,66,23,84,87,31,59
ENSG00000001631,729,692,943,475,1034,1163,731,744
ENSG00000002016,201,161,256,99,268,257,160,137
ENSG00000002079,3,0,3,1,4,0,0,1
ENSG00000002330,206,174,184,111,194,260,156,177
ENSG00000002549,1459,1294,1317,998,1451,1824,853,1031
ENSG00000002586,7507,7203,9501,6214,10973,12863,6834,7225
ENSG00000002587,2,0,1,0,0,2,0,0
ENSG00000002726,0,0,1,0,0,0,0,0
ENSG00000002745,4,6,22,10,2,1,5,3
ENSG00000002746,151,139,117,65,90,102,86,119
ENSG00000002822,411,303,446,195,445,523,295,300
ENSG00000002834,6314,6364,7831,5809,6677,11970,5766,7825
ENSG00000002919,234,246,298,211,217,376,184,265
ENSG00000002933,1254,1508,636,431,25,27,70,109
ENSG00000003056,1189,947,1266,693,1288,1555,957,899
ENSG00000003096,550,315,557,171,519,284,485,224
ENSG00000003137,124,57,256,63,30,45,194,68
ENSG00000003147,0,0,0,1,1,2,2,0
ENSG00000003249,81,71,207,80,109,112,156,128
ENSG00000003393,769,723,791,540,1115,1509,768,864
ENSG00000003400,98,59,133,72,58,49,96,67
ENSG00000003402,1424,2617,1742,2364,2342,5198,1262,3761
ENSG00000003436,4373,4183,5794,3230,7344,4981,3452,3342
ENSG00000003509,287,280,357,191,386,396,251,248
ENSG00000003756,2368,1748,2694,1327,2647,2520,1996,2073
ENSG00000003987,17,25,25,29,20,51,12,27
ENSG00000003989,47,56,12,3,51,102,18,46
ENSG00000004059,1090,1306,1140,817,1334,1986,1028,1347
ENSG00000004139,86,83,103,51,115,99,82,77
ENSG00000004142,1496,1545,1607,964,1754,2301,1133,1256
ENSG00000004399,4077,4260,3651,1649,5387,5992,2718,2809
ENSG00000004455,1207,1111,1485,767,1497,2274,1017,921
ENSG00000004468,3,1,0,0,3,1,2,1
ENSG00000004478,502,461,551,281,612,659,400,392
ENSG00000004487,1410,989,1492,727,1708,1614,1263,1035
ENSG00000004534,1202,1015,1855,919,1721,1714,1171,1013
ENSG00000004660,95,55,59,35,87,79,154,67
ENSG00000004700,940,1096,1192,766,949,1452,812,1192
ENSG00000004766,492,413,546,337,611,677,435,424
ENSG00000004776,3473,3078,2775,1621,2084,2254,3571,3153
ENSG00000004777,131,112,134,56,91,76,111,71
ENSG00000004779,329,335,494,258,417,572,294,325
ENSG00000004799,81,782,130,1106,235,485,628,3187
ENSG00000004809,0,0,0,0,0,0,0,0
ENSG00000004838,12,11,22,8,12,18,17,6
ENSG00000004846,23,3,70,11,8,9,22,5
ENSG00000004848,0,0,0,0,0,0,0,0
ENSG00000004864,143,117,131,88,227,284,146,129
ENSG00000004866,449,259,772,241,527,502,401,296
ENSG00000004897,1549,1339,1730,1107,1793,2173,1338,1407
ENSG00000004939,0,0,0,0,0,0,0,0
ENSG00000004948,0,0,0,0,0,0,0,0
ENSG00000004961,446,330,531,287,666,604,360,405
ENSG00000004975,1366,1002,1069,516,1237,1061,1020,841
ENSG00000005001,0,0,0,0,0,0,0,0
ENSG00000005007,2158,2266,2436,1518,2341,3310,1964,2495
ENSG00000005020,833,781,715,556,637,827,769,904
ENSG00000005022,1340,1059,1323,785,1294,1450,922,974
ENSG00000005059,215,197,249,177,193,204,211,236
ENSG00000005073,1,0,1,0,1,1,0,0
ENSG00000005075,797,828,1010,529,980,1265,678,682
ENSG00000005100,434,445,487,356,522,695,379,628
ENSG00000005102,1,0,0,0,3,0,0,0
ENSG00000005108,9,7,6,8,9,20,12,15
ENSG00000005156,229,143,242,93,347,409,182,126
ENSG00000005175,347,294,237,123,513,449,345,298
ENSG00000005187,4,6,12,10,9,10,12,6
ENSG00000005189,82,62,88,58,92,53,93,71
ENSG00000005194,413,410,557,352,537,685,355,428
ENSG00000005206,680,586,760,418,748,1049,583,632
ENSG00000005238,805,627,850,396,989,957,596,621
ENSG00000005243,1132,928,1332,755,990,1088,1038,940
ENSG00000005249,220,242,281,317,291,387,209,413
ENSG00000005302,481,523,495,316,496,687,404,379
ENSG00000005339,2639,1917,3135,1491,3225,3957,2378,2557
ENSG00000005379,186,152,122,87,171,311,118,130
ENSG00000005381,4,10,9,1,0,3,6,3
ENSG00000005421,0,0,0,0,1,0,0,0
ENSG00000005436,214,216,282,182,318,422,238,252
ENSG00000005448,229,206,270,152,234,432,166,247
ENSG00000005469,498,379,305,171,626,508,515,472
ENSG00000005471,64,18,60,17,21,18,52,22
ENSG00000005483,1679,1466,1698,1096,2159,2558,1546,1782
ENSG00000005486,768,618,1110,564,1185,1423,763,687
ENSG00000005513,10,2,5,0,5,3,5,7
ENSG00000005700,1069,824,1512,790,1335,1703,1157,1165
ENSG00000005801,200,172,295,136,320,279,197,150
ENSG00000005810,2688,2018,2621,1535,2946,3682,2216,2298
ENSG00000005812,1361,1380,1381,1300,1126,1815,1162,1680
ENSG00000005844,1,0,2,0,1,1,1,0
ENSG00000005882,610,546,740,407,817,774,650,704
ENSG00000005884,708,655,1566,1114,1328,2635,1207,1457
ENSG00000005889,679,593,771,465,857,1115,929,1028
ENSG00000005893,5102,4470,6219,3853,5653,6954,4722,5161
ENSG00000005955,1329,1279,1772,1055,1705,1918,1152,1465
ENSG00000005961,5,11,12,3,7,5,14,10
ENSG00000005981,0,0,0,0,0,0,0,0
ENSG00000006007,1941,1825,2481,1676,2858,3584,1729,2105
ENSG00000006015,517,463,410,191,260,366,410,375
ENSG00000006016,132,95,98,82,79,168,243,263
ENSG00000006025,229,132,278,78,185,97,205,104
ENSG00000006042,2986,2393,3664,2077,3852,4572,2927,3010
ENSG00000006047,0,1,1,0,1,0,3,0
ENSG00000006059,0,0,0,0,0,0,0,0
ENSG00000006062,272,224,274,79,287,177,199,116
ENSG00000006071,0,0,0,0,0,0,0,0
ENSG00000006074,0,0,0,0,0,0,0,1
ENSG00000006075,0,0,0,0,0,0,0,0
ENSG00000006114,1224,711,1310,560,1537,1211,990,742
ENSG00000006116,0,0,0,0,0,0,0,0
ENSG00000006118,513,336,579,254,738,594,380,247
ENSG00000006125,7174,5362,7780,5110,8105,9420,5580,6653
ENSG00000006128,0,4,1,0,0,0,0,0
ENSG00000006194,540,451,583,433,664,844,499,508
ENSG00000006210,5,6,2,3,3,15,12,31
ENSG00000006282,1747,1317,1334,715,1633,1868,1355,1314
ENSG00000006283,113,45,40,5,157,77,80,25
ENSG00000006327,540,348,668,258,720,1360,582,367
ENSG00000006377,0,0,0,0,0,0,0,0
ENSG00000006432,5,4,7,5,12,7,1,2
ENSG00000006451,1791,920,1143,544,1574,1155,1102,801
ENSG00000006453,141,99,207,108,195,219,158,129
ENSG00000006459,430,327,338,289,462,373,438,499
ENSG00000006468,214,94,207,120,171,229,315,263
ENSG00000006530,303,276,344,203,420,467,268,277
ENSG00000006534,875,1108,1391,856,1521,2571,525,843
ENSG00000006555,0,0,0,0,0,0,0,0
ENSG00000006576,924,653,1538,678,1347,1144,1454,1016
ENSG00000006606,3,4,7,1,7,10,2,2
ENSG00000006607,652,733,924,776,674,1458,738,1144
ENSG00000006611,0,0,0,0,0,0,0,0
ENSG00000006625,207,186,216,101,289,333,171,133
ENSG00000006634,98,70,104,48,113,103,96,72
ENSG00000006638,90,47,112,43,75,49,67,52
ENSG00000006652,889,823,1047,586,1581,1768,1178,1097
ENSG00000006659,0,0,0,0,0,0,0,0
ENSG00000006695,166,150,221,130,209,356,139,170
ENSG00000006704,309,221,346,170,330,276,299,331
ENSG00000006712,991,866,1504,715,1575,1480,1054,938
ENSG00000006715,2054,1582,2681,1578,2825,3223,2174,2138
ENSG00000006740,37,26,27,18,38,38,48,55
ENSG00000006744,928,935,1065,617,1090,1344,693,924
ENSG00000006747,3,3,1,0,2,3,2,2
ENSG00000006756,391,295,488,278,541,598,449,562
ENSG00000006757,119,140,175,86,203,221,141,143
ENSG00000006788,4,35,0,1,5,17,0,20
ENSG00000006831,1070,1033,1187,851,1181,1615,878,1102
ENSG00000006837,17,6,13,7,17,13,15,8
ENSG00000007001,3,3,4,0,3,0,1,1
ENSG00000007038,1,0,5,2,0,0,1,4
ENSG00000007047,741,675,840,553,979,1121,700,798
ENSG00000007062,1,0,1,0,0,1,0,0
ENSG00000007080,617,697,698,393,786,1169,473,586
ENSG00000007129,0,0,0,0,0,0,0,0
ENSG00000007168,3191,2910,3808,2388,3809,4813,2846,3212
ENSG00000007171,0,2,0,0,2,2,5,1
ENSG00000007174,0,1,1,0,2,1,1,0
ENSG00000007202,4196,3353,5237,2825,5104,6764,3823,3978
ENSG00000007216,0,0,0,0,0,0,0,0
ENSG00000007237,404,114,309,42,277,144,1343,730
ENSG00000007255,129,145,116,115,139,175,114,101
ENSG00000007264,0,0,0,0,0,1,0,0
ENSG00000007306,0,0,0,0,0,0,0,0
ENSG00000007312,1,2,0,4,5,0,1,2
ENSG00000007314,0,1,2,1,1,0,1,0
ENSG00000007341,138,110,154,77,189,297,144,189
ENSG00000007350,0,0,0,0,0,0,0,0
ENSG00000007372,32,35,27,22,22,38,41,39
ENSG00000007376,281,274,224,122,309,404,218,253
ENSG00000007384,1982,1878,1987,1001,1937,2524,1714,1983
ENSG00000007392,770,591,820,415,836,826,626,613
ENSG00000007402,18,13,12,20,15,10,17,31
ENSG00000007516,5,8,7,5,12,12,7,11
ENSG00000007520,494,464,488,252,487,728,396,436
ENSG00000007541,731,621,682,369,641,1005,557,730
ENSG00000007545,203,207,227,148,248,303,197,191
ENSG00000007866,1474,2063,1696,1375,1246,2207,1123,1765
ENSG00000007908,0,0,0,0,0,0,0,0
ENSG00000007923,561,533,702,393,824,1009,540,549
ENSG00000007933,761,785,2179,1583,224,346,280,284
ENSG00000007944,373,245,522,193,514,445,321,232
ENSG00000007952,10,11,8,9,12,17,4,9
ENSG00000007968,1,4,1,2,0,2,0,0
ENSG00000008018,1669,1479,1787,1096,1633,1970,1340,1398
ENSG00000008056,8,24,25,15,15,24,13,21
ENSG00000008083,277,260,284,220,308,541,227,364
ENSG00000008086,98,90,128,37,142,176,106,93
ENSG00000008118,3,3,9,2,9,4,6,12
ENSG00000008128,32,23,24,10,14,17,30,28
ENSG00000008130,1276,1814,1413,1420,1445,2354,1103,2475
ENSG00000008196,1,1,1,1,0,0,0,0
ENSG00000008197,0,0,0,0,0,0,0,0
ENSG00000008226,9,4,5,2,6,3,5,14
ENSG00000008256,1815,3053,3036,3707,2771,8634,2115,5313
ENSG00000008277,17,14,23,14,21,17,23,16
ENSG00000008282,1874,1763,1958,1647,1894,2700,1835,2144
ENSG00000008283,559,480,612,339,629,837,440,427
ENSG00000008294,2819,2278,3539,2009,3259,3911,2953,2980
ENSG00000008300,62,81,87,49,124,175,72,87
ENSG00000008311,494,949,565,655,451,1037,447,1103
ENSG00000008323,7,12,4,3,11,19,5,5
ENSG00000008324,111,153,85,102,109,146,114,142
ENSG00000008382,81,66,88,49,110,147,69,81
ENSG00000008394,2722,2822,2967,1948,7202,8116,2520,2678
ENSG00000008405,249,261,269,165,277,411,312,253
ENSG00000008438,0,6,1,1,1,1,0,3
ENSG00000008441,13653,9483,13436,6080,12077,11576,12068,9821
ENSG00000008513,2057,1206,1752,588,2655,2319,1624,1090
ENSG00000008516,3,1,3,0,6,5,2,3
ENSG00000008517,277,120,323,97,92,100,290,164
ENSG00000008710,4997,5334,5264,3282,4274,9038,4670,7609
ENSG00000008735,13,21,18,13,18,14,14,26
ENSG00000008838,1228,1002,1320,685,1431,1724,1022,1128
ENSG00000008853,429,487,510,442,513,822,473,828
ENSG00000008869,737,646,780,471,798,947,673,731
ENSG00000008952,4473,4375,5375,3611,5753,8077,4886,5187
ENSG00000008988,12982,11687,13055,6973,11456,13255,9469,9293
ENSG00000009307,14887,12833,19863,11612,19887,22097,13495,14987
ENSG00000009335,2019,2042,2213,1518,2429,3246,1742,2027
ENSG00000009413,4986,9573,5214,7251,5563,10312,4700,11982
ENSG00000009694,20,7,2,2,2,0,1,1
ENSG00000009709,0,0,0,0,0,0,0,0
ENSG00000009724,38,28,66,24,42,41,47,36
ENSG00000009765,0,2,0,1,0,2,0,3
ENSG00000009780,153,209,153,165,147,198,140,206
ENSG00000009790,18,11,15,7,12,14,10,10
ENSG00000009830,425,418,440,295,508,611,374,363
ENSG00000009844,829,672,1049,545,1087,1229,752,820
ENSG00000009950,2,9,1,1,0,0,0,5
ENSG00000009954,2800,2611,3397,1970,3813,3894,2838,2788
ENSG00000010017,1300,1960,1559,1655,1705,2501,1407,2681
ENSG00000010030,28,13,20,8,15,10,17,8
ENSG00000010072,169,141,202,125,212,221,164,156
ENSG00000010165,947,938,1152,605,1030,1122,807,797
ENSG00000010219,200,157,246,110,256,266,172,146
ENSG00000010244,2085,1998,2170,1331,2616,3317,1545,1756
ENSG00000010256,1630,1776,1661,1331,1973,3206,1240,1964
ENSG00000010270,879,803,837,511,961,1038,591,686
ENSG00000010278,3125,3522,3829,3645,2693,5055,3603,5260
ENSG00000010282,0,0,0,0,0,0,0,0
ENSG00000010292,1331,1028,1365,823,1281,1498,1073,1296
ENSG00000010295,1427,1228,1714,820,936,1046,1187,1273
ENSG00000010310,11,5,29,6,23,12,22,12
ENSG00000010318,68,56,80,60,85,70,81,88
ENSG00000010319,1,0,2,0,0,2,0,1
ENSG00000010322,2635,1889,3298,1480,3737,3715,2447,2226
ENSG00000010327,0,0,1,1,0,1,1,1
ENSG00000010361,188,178,236,132,150,191,165,227
ENSG00000010379,0,1,4,1,0,0,0,0
ENSG00000010404,1483,1306,2374,1593,2171,3097,1790,2175
ENSG00000010438,5,5,10,5,17,35,26,19
ENSG00000010539,128,99,139,83,153,177,122,97
ENSG00000010610,31,23,95,49,133,136,24,17
ENSG00000010626,149,107,194,105,169,180,151,113
ENSG00000010671,0,0,0,0,1,1,0,0
ENSG00000010704,513,315,595,327,483,521,462,494
ENSG00000010803,758,686,864,523,966,1042,702,714
ENSG00000010810,1689,1674,1655,933,2496,2859,1318,1466
ENSG00000010818,1654,1096,1795,742,2004,2053,1371,1099
ENSG00000010932,14,20,80,61,0,21,23,23
ENSG00000011007,1184,1093,1130,789,1249,1621,877,1052
ENSG00000011009,452,473,489,292,514,755,391,465
ENSG00000011021,697,581,629,382,667,820,569,714
ENSG00000011028,18210,13395,23978,10779,18026,19714,16880,15349
ENSG00000011052,0,0,0,0,0,0,0,0
ENSG00000011083,0,0,1,1,1,0,0,0
ENSG00000011105,3067,2923,3305,2380,3330,5276,3853,4784
ENSG00000011114,1278,1090,1233,806,1397,1755,1079,1110
ENSG00000011132,186,200,220,115,223,270,164,192
ENSG00000011143,185,132,203,86,145,138,145,131
ENSG00000011198,597,1420,824,1035,1244,1946,576,1692
ENSG00000011201,1,0,1,0,0,0,0,0
ENSG00000011243,675,603,810,369,935,878,604,575
ENSG00000011258,421,279,412,225,487,411,418,360
ENSG00000011260,472,469,375,294,428,561,325,389
ENSG00000011275,1709,1488,1906,1069,2174,2655,1579,1654
ENSG00000011295,399,370,437,331,454,552,372,379
ENSG00000011304,3594,3854,3158,2420,3609,5568,3118,3948
ENSG00000011332,11,8,18,9,12,24,5,7
ENSG00000011347,182,100,161,59,233,148,247,95
ENSG00000011376,561,482,445,268,459,611,346,333
ENSG00000011405,1115,1271,1550,1100,1832,2694,1221,1672
ENSG00000011422,389,349,502,240,340,561,406,397
ENSG00000011426,251,228,250,145,274,313,199,192
ENSG00000011451,1589,1667,1666,925,1689,2141,1405,1415
ENSG00000011454,1872,1815,2408,2249,2322,3745,1846,2501
ENSG00000011465,219586,191767,422752,214062,293318,313112,378834,372489
ENSG00000011478,101,130,131,135,123,252,110,163
ENSG00000011485,789,1106,911,667,1018,1666,672,1110
ENSG00000011523,709,677,1001,557,1008,1240,658,949
ENSG00000011566,880,1189,1295,1207,1359,3045,856,1722
ENSG00000011590,3,6,7,1,1,6,0,0
ENSG00000011600,0,1,4,3,0,0,3,2
ENSG00000011638,958,816,877,683,871,988,921,1011
ENSG00000011677,0,1,0,0,0,0,0,0
ENSG00000012048,322,98,418,95,326,168,265,155
ENSG00000012061,812,747,1105,492,1038,1454,657,713
ENSG00000012124,0,1,0,0,0,1,0,0
ENSG00000012171,1821,940,2266,654,1361,1049,1382,953
ENSG00000012174,713,607,812,516,805,1134,650,709
ENSG00000012211,124,136,127,68,140,181,103,129
ENSG00000012223,0,0,0,1,4,4,0,0
ENSG00000012232,1145,983,1402,889,1597,1982,1109,1281
ENSG00000012504,0,0,0,0,0,0,0,1
ENSG00000012660,2045,1814,2584,2229,2275,3863,1863,2650
ENSG00000012779,0,2,0,0,0,0,0,0
ENSG00000012817,1094,988,1254,628,1392,1414,1,1
ENSG00000012822,4637,5256,6763,4921,6378,8615,4635,7894
ENSG00000012963,572,525,684,380,562,518,571,518
ENSG00000012983,1782,1400,2309,1231,2551,2868,1768,1724
ENSG00000013016,2011,3335,1842,1018,1832,3358,1197,1535
ENSG00000013275,1005,983,1002,660,1096,1429,739,778
ENSG00000013288,3030,2465,4089,2353,4067,5100,2208,2814
ENSG00000013293,268,23,435,56,558,75,562,74
ENSG00000013297,6494,1515,5298,1369,5198,1173,5335,1735
ENSG00000013306,1011,963,1092,558,1323,1505,813,847
ENSG00000013364,8611,7956,8539,5287,7726,10024,6716,8061
ENSG00000013374,1036,1070,1483,951,1550,1816,1031,1298
ENSG00000013375,1031,726,1277,541,1380,1603,1020,798
ENSG00000013392,243,153,301,162,329,333,299,245
ENSG00000013441,2512,2587,2403,2111,3280,3406,2235,2991
ENSG00000013503,248,252,304,168,311,404,202,219
ENSG00000013523,358,299,451,190,486,434,353,289
ENSG00000013561,788,845,960,755,989,1242,676,930
ENSG00000013563,140,110,212,146,255,289,143,137
ENSG00000013573,337,210,254,81,226,205,248,199
ENSG00000013583,1181,1174,1435,1240,1594,2112,987,1548
ENSG00000013588,531,409,920,538,868,635,380,464
ENSG00000013619,795,1112,1211,816,1314,1692,870,1184
ENSG00000013725,0,0,0,0,0,0,0,0
ENSG00000013810,75,88,98,45,58,87,57,63
ENSG00000014123,930,699,995,619,1123,1124,870,837
ENSG00000014138,192,139,217,99,156,177,168,152
ENSG00000014164,585,486,588,296,532,704,259,301
ENSG00000014216,3263,3554,3997,2439,3454,5221,2780,3525
ENSG00000014257,16,11,21,7,15,26,28,6
ENSG00000014641,1613,1303,1876,1058,1834,2022,1274,1262
ENSG00000014824,1160,980,1561,997,1621,2217,1068,1256
ENSG00000014914,590,350,814,396,672,513,702,558
ENSG00000014919,699,559,778,448,785,840,537,524
ENSG00000015133,5,9,4,7,5,8,5,1
ENSG00000015153,185,270,233,203,262,311,173,212
ENSG00000015171,2085,1840,2567,1466,2761,3188,2027,1941
ENSG00000015285,6,5,10,1,10,4,4,1
ENSG00000015413,0,2,0,1,0,7,0,3
ENSG00000015475,274,261,364,214,533,602,251,245
ENSG00000015479,7206,5499,8268,4596,8997,9147,6556,6136
ENSG00000015520,21,4,24,1,70,17,19,1
ENSG00000015532,716,608,760,416,792,1068,574,627
ENSG00000015568,1045,858,1422,729,1817,1734,1235,1051
ENSG00000015592,0,2,0,1,0,1,1,1
ENSG00000015676,1741,1509,1826,1186,1748,2018,1476,1492
ENSG00000016082,0,0,0,0,0,0,0,0
ENSG00000016391,161,21,164,26,70,29,218,58
ENSG00000016402,17,10,12,3,5,1,22,11
ENSG00000016490,0,1,0,0,0,0,1,0
ENSG00000016602,1,0,0,0,0,0,0,0
ENSG00000016864,1544,1449,1854,1220,1483,1726,1590,1684
ENSG00000017260,2832,2074,3156,1862,3269,3477,3117,2715
ENSG00000017373,0,1,1,1,1,2,0,0
ENSG00000017427,1059,877,1364,688,498,279,1051,701
ENSG00000017483,757,348,630,112,555,529,564,260
ENSG00000017621,20,11,26,11,22,24,16,19
ENSG00000017797,2893,3638,2933,2418,3462,5543,2333,4087
ENSG00000018189,1123,809,1195,614,1474,1262,952,779
ENSG00000018236,49,49,35,40,41,61,43,48
ENSG00000018280,8,3,7,3,3,7,5,8
ENSG00000018408,2883,2568,2659,1817,3208,3986,2031,2242
ENSG00000018510,743,713,883,503,903,1310,710,802
ENSG00000018607,0,0,0,0,0,0,1,0
ENSG00000018610,304,235,337,190,337,353,252,250
ENSG00000018625,334,176,2889,841,238,161,521,247
ENSG00000018699,245,209,285,194,324,405,297,254
ENSG00000018869,52,58,71,43,79,77,56,41
ENSG00000019102,1,0,4,7,16,27,4,3
ENSG00000019144,2786,3651,3236,1888,2973,4368,2247,3230
ENSG00000019169,0,2,0,0,0,0,0,0
ENSG00000019186,70,3,9,0,12,2,20,0
ENSG00000019485,183,199,194,122,157,217,141,275
ENSG00000019505,0,0,0,0,0,0,0,0
ENSG00000019549,3302,5290,2847,1591,3859,2979,2231,2289
ENSG00000019582,23,15,100,34,32,23,75,50
ENSG00000019991,1529,909,1319,405,2440,1206,1544,699
ENSG00000019995,1338,2505,1585,1850,2011,3826,1278,2446
ENSG00000020129,1443,929,1280,469,1384,1263,1091,756
ENSG00000020181,9153,5457,9560,3956,9105,11219,9402,7425
ENSG00000020219,0,0,0,0,1,0,1,0
ENSG00000020256,326,284,446,153,413,449,293,235
ENSG00000020426,161,132,238,125,232,292,127,171
ENSG00000020577,2102,3748,1923,2684,2036,5377,1930,5006
ENSG00000020633,123,151,97,65,3,3,113,172
ENSG00000020922,325,279,389,239,378,499,359,363
ENSG00000021300,18,6,18,11,22,19,13,13
ENSG00000021355,536,660,627,512,577,1025,403,717
ENSG00000021461,0,0,0,0,0,0,0,1
ENSG00000021488,2,2,1,0,3,2,0,1
ENSG00000021574,500,475,567,369,518,547,481,552
ENSG00000021645,8,20,42,63,12,40,7,77
ENSG00000021762,1433,1673,1192,771,1376,2276,1014,1515
ENSG00000021776,1111,1014,1230,802,1310,1880,952,1251
ENSG00000021826,397,259,474,216,299,299,355,311
ENSG00000021852,0,0,0,0,0,0,0,0
ENSG00000022267,7354,8775,11436,8544,8584,16109,9346,13964
ENSG00000022277,1404,1281,1676,955,1601,2409,1344,1364
ENSG00000022355,0,0,0,0,0,0,0,0
ENSG00000022556,0,0,1,0,1,1,0,1
ENSG00000022567,134,130,151,97,165,259,131,167
ENSG00000022840,2599,2616,2910,2091,2820,4016,2066,2620
ENSG00000022976,195,122,263,118,209,259,157,159
ENSG00000023041,636,662,749,480,767,968,563,692
ENSG00000023171,70,24,91,33,197,147,82,68
ENSG00000023191,5592,5383,6055,3227,3972,5884,4004,4888
ENSG00000023228,1559,1458,1771,1108,1976,2335,1325,1644
ENSG00000023287,2561,2374,2933,1990,3640,3732,2434,3230
ENSG00000023318,1317,1231,1490,1038,1602,2268,1159,1428
ENSG00000023330,1026,815,1155,522,1528,1441,845,719
ENSG00000023445,62,77,46,32,44,46,39,98
ENSG00000023516,1901,1496,2119,1185,2318,2788,1851,1823
ENSG00000023572,94,104,93,81,84,123,81,70
ENSG00000023608,136,196,234,232,238,495,154,232
ENSG00000023697,474,517,488,364,486,688,388,495
ENSG00000023734,1638,1972,2207,1551,2519,3237,1575,1916
ENSG00000023839,18,21,9,9,14,11,14,22
ENSG00000023892,4,2,6,3,14,8,3,6
ENSG00000023902,636,732,630,497,837,1381,508,637
ENSG00000023909,990,1611,1304,1842,1364,4543,1237,2884
ENSG00000024048,1304,1128,1550,964,1454,1871,1171,1466
ENSG00000024422,10940,11446,13005,7734,14671,19665,9118,10741
ENSG00000024526,26,21,16,8,16,12,17,14
ENSG00000024862,206,229,291,185,256,243,165,239
ENSG00000025039,4,15,6,3,7,8,5,7
ENSG00000025156,307,213,315,146,330,304,220,234
ENSG00000025293,1601,1390,1668,937,1915,1973,1411,1238
ENSG00000025423,232,69,637,56,89,40,245,53
ENSG00000025434,374,454,484,276,456,483,307,392
ENSG00000025708,110,280,87,82,114,309,56,154
ENSG00000025770,423,364,401,194,352,444,294,260
ENSG00000025772,832,555,939,386,1548,1087,623,512
ENSG00000025796,2806,2298,4367,2452,4270,5009,3203,3085
ENSG00000025800,1700,1614,2056,1402,2353,2913,1542,1763
ENSG00000026025,32264,20759,37558,21944,39307,26565,33928,26662
ENSG00000026036,62,41,75,16,33,64,38,31
ENSG00000026103,1013,863,1394,682,1390,1835,1019,967
ENSG00000026297,115,66,139,53,112,121,107,80
ENSG00000026508,19273,12357,25453,14886,24143,26890,23210,20267
ENSG00000026559,24,18,10,2,23,23,23,8
ENSG00000026652,419,316,315,168,532,513,298,306
ENSG00000026751,0,0,0,1,0,0,0,0
ENSG00000026950,1051,472,1135,388,1166,761,763,391
ENSG00000027001,502,347,740,311,649,751,634,439
ENSG00000027075,19,40,62,48,78,177,60,190
ENSG00000027644,2,0,1,0,2,1,0,0
ENSG00000027697,1322,1566,1340,1211,1587,1814,1086,1614
ENSG00000027847,492,381,570,241,511,720,400,356
ENSG00000027869,1,0,1,0,0,1,0,0
ENSG00000028116,155,171,207,133,227,272,179,224
ENSG00000028137,398,575,600,472,288,1006,337,546
ENSG00000028203,991,847,1662,971,1360,1515,1099,1203
ENSG00000028277,70,14,34,3,104,33,34,9
ENSG00000028310,525,481,703,357,692,948,513,509
ENSG00000028528,3488,2805,4378,2386,4248,4770,3301,3315
ENSG00000028839,437,364,514,245,661,532,417,315
ENSG00000029153,242,186,313,164,297,349,241,275
ENSG00000029363,3169,2519,4148,2247,3766,4623,3054,3061
ENSG00000029364,1442,1008,1718,958,1705,1998,1362,1285
ENSG00000029534,59,29,170,78,98,148,84,70
ENSG00000029559,0,0,5,0,0,1,0,0
ENSG00000029639,127,87,125,75,98,166,113,96
ENSG00000029725,1573,1401,1769,1045,1925,2087,1627,1751
ENSG00000029993,518,369,892,362,831,749,632,523
ENSG00000030066,991,835,919,610,1054,1321,905,887
ENSG00000030110,180,182,193,114,205,296,158,155
ENSG00000030304,24,46,31,15,24,29,39,23
ENSG00000030419,208,155,257,152,209,501,183,248
ENSG00000030582,10904,7964,13735,6999,13548,14104,12219,11364
ENSG00000031003,1112,857,1312,746,1239,1646,1096,1263
ENSG00000031081,364,174,425,147,599,489,369,232
ENSG00000031544,2,1,3,6,5,6,5,1
ENSG00000031691,56,54,83,52,115,126,93,113
ENSG00000031698,3342,2305,3980,1564,3815,2943,3310,2169
ENSG00000031823,1780,1238,2312,777,1884,2029,1509,1213
ENSG00000032219,619,566,804,404,777,832,606,750
ENSG00000032389,238,194,295,114,225,352,137,191
ENSG00000032444,1140,1097,1529,927,1440,1899,956,1281
ENSG00000032742,263,144,354,123,321,274,232,144
ENSG00000033011,304,275,363,202,337,469,288,280
ENSG00000033030,370,395,413,249,444,479,336,399
ENSG00000033050,1075,1342,1243,880,1599,2336,929,1135
ENSG00000033100,2131,1719,2559,1515,2747,3922,1923,1953
ENSG00000033122,6,3,12,3,6,7,7,8
ENSG00000033170,1519,1435,2076,1014,2294,1661,1332,1131
ENSG00000033178,957,629,1067,586,1170,1269,905,717
ENSG00000033327,1119,1159,1267,1073,1376,1770,1062,1590
ENSG00000033627,680,964,781,656,723,840,669,964
ENSG00000033800,610,512,822,451,727,830,567,588
ENSG00000033867,2642,1247,3493,1206,3405,1999,3407,1658
ENSG00000034053,104,80,74,33,233,317,39,50
ENSG00000034063,110,73,116,38,111,151,94,30
ENSG00000034152,790,1203,897,944,659,2276,1090,1422
ENSG00000034239,9,6,6,5,12,12,4,1
ENSG00000034510,10829,10179,16055,7516,16784,18635,10966,9693
ENSG00000034533,129,86,131,46,146,116,145,72
ENSG00000034677,761,790,829,566,710,833,689,864
ENSG00000034693,290,191,355,164,433,377,245,182
ENSG00000034713,1316,1377,1415,1165,1397,2074,1113,1470
ENSG00000034971,336,254,1035,621,102,93,422,566
ENSG00000035115,573,360,544,264,652,536,532,361
ENSG00000035141,335,307,373,249,373,475,323,424
ENSG00000035403,11418,16360,17309,15613,10103,26071,12510,24430
ENSG00000035499,27,13,12,2,18,15,10,6
ENSG00000035664,174,491,520,792,161,924,487,1320
ENSG00000035681,1170,833,1287,637,1396,1169,1112,902
ENSG00000035687,756,626,857,552,989,825,777,671
ENSG00000035720,0,0,0,0,0,0,0,0
ENSG00000035862,36898,31612,48710,35384,50093,63221,35647,40512
ENSG00000035928,1120,906,1143,634,1313,1264,1046,984
ENSG00000036054,1296,1211,1181,855,1451,1826,1059,1266
ENSG00000036257,1634,1441,2001,1189,2351,2547,1412,1566
ENSG00000036448,27,23,14,4,69,48,18,21
ENSG00000036473,0,0,0,0,1,0,0,0
ENSG00000036530,29,16,23,11,20,22,39,23
ENSG00000036549,852,680,964,599,1045,1258,769,736
ENSG00000036565,0,0,0,0,0,0,0,0
ENSG00000036672,9,9,10,14,18,21,3,9
ENSG00000036828,0,0,0,0,0,0,0,0
ENSG00000037042,518,429,674,337,638,711,463,419
ENSG00000037241,271,303,295,230,360,487,214,268
ENSG00000037280,2,2,2,0,1,10,0,0
ENSG00000037474,700,678,816,510,1060,1395,600,661
ENSG00000037637,578,568,640,502,638,875,503,777
ENSG00000037749,766,736,888,663,878,1283,746,833
ENSG00000037757,202,196,235,113,245,357,90,100
ENSG00000037897,50,45,75,33,80,111,69,38
ENSG00000037965,7,7,12,4,29,31,58,50
ENSG00000038002,823,464,738,404,504,713,680,533
ENSG00000038210,461,431,417,286,379,448,425,352
ENSG00000038219,2340,1842,2723,1370,3114,3401,2243,2427
ENSG00000038274,1619,1837,1443,1459,1584,2352,1308,2013
ENSG00000038295,12,5,37,9,7,8,0,0
ENSG00000038358,701,642,783,427,837,1085,597,738
ENSG00000038382,6353,5208,7611,3043,6941,8644,6732,5781
ENSG00000038427,9624,6485,11227,3855,10844,10685,9587,8908
ENSG00000038532,667,517,742,381,909,703,648,681
ENSG00000038945,94,53,102,28,341,238,286,200
ENSG00000039068,0,0,0,1,2,3,0,0
ENSG00000039123,1272,1071,1452,882,1407,1662,1131,1092
ENSG00000039139,142,117,304,92,267,435,233,198
ENSG00000039319,1176,881,1213,632,1450,1713,972,900
ENSG00000039523,1138,1257,1036,728,1101,1460,1043,1142
ENSG00000039537,2,16,12,21,34,95,4,20
ENSG00000039560,3717,4005,4846,3934,5125,11347,4062,5151
ENSG00000039600,4,3,4,3,4,8,2,3
ENSG00000039650,437,303,391,153,386,476,291,220
ENSG00000039987,0,1,0,0,0,2,0,2
ENSG00000040199,240,229,296,218,342,486,268,401
ENSG00000040275,231,210,352,122,203,297,215,162
ENSG00000040341,635,448,800,432,760,859,524,593
ENSG00000040487,219,252,219,155,271,373,212,255
ENSG00000040531,462,385,567,306,615,678,502,586
ENSG00000040608,1,1,5,0,1,2,2,0
ENSG00000040633,879,757,849,459,1262,1089,737,569
ENSG00000040731,107,42,108,15,35,6,207,51
ENSG00000040933,751,571,835,519,764,1002,681,654
ENSG00000041353,37,14,17,5,357,91,24,11
ENSG00000041357,1248,1183,1516,952,1467,1477,1081,1000
ENSG00000041515,7,11,5,9,4,20,4,21
ENSG00000041802,438,470,590,348,640,874,444,524
ENSG00000041880,401,402,458,224,379,403,387,367
ENSG00000041982,3318,1037,7317,2925,2468,2221,6527,3678
ENSG00000041988,196,179,242,124,222,253,202,174
ENSG00000042062,1600,1808,1282,656,2182,2609,1118,1378
ENSG00000042088,207,137,235,107,276,207,214,181
ENSG00000042286,457,641,562,467,514,1082,413,720
ENSG00000042304,0,0,1,0,0,0,0,1
ENSG00000042317,233,152,249,138,283,247,218,175
ENSG00000042429,400,362,414,302,450,567,288,375
ENSG00000042445,1289,1137,1676,863,1534,1852,1030,1025
ENSG00000042493,861,866,1124,613,851,1032,1373,1301
ENSG00000042753,1102,1173,1406,839,1207,1949,983,1103
ENSG00000042781,4,0,3,2,6,7,6,3
ENSG00000042813,0,0,0,0,0,0,0,0
ENSG00000042832,13,13,51,21,57,74,22,50
ENSG00000042980,3,4,12,3,13,44,9,17
ENSG00000043039,0,0,0,0,0,0,0,0
ENSG00000043093,702,617,716,504,824,971,585,667
ENSG00000043143,1465,1716,1633,1042,1593,2251,1176,1613
ENSG00000043355,0,0,0,0,0,0,0,0
ENSG00000043462,0,0,0,0,0,0,0,0
ENSG00000043514,221,186,321,155,291,392,208,190
ENSG00000043591,0,0,0,0,0,0,0,0
ENSG00000044012,0,0,0,0,0,0,0,0
ENSG00000044090,1313,753,1650,581,1421,1354,1195,911
ENSG00000044115,7106,6407,9696,5627,8672,12397,7238,8018
ENSG00000044446,321,318,387,245,356,573,322,406
ENSG00000044459,490,373,690,349,790,658,387,349
ENSG00000044524,43,23,35,46,39,35,79,88
ENSG00000044574,16591,13418,19997,7565,16910,41484,10577,7728
ENSG00000046604,17,6,69,31,0,1,63,39
ENSG00000046647,323,347,380,216,364,444,403,379
ENSG00000046651,375,270,557,418,665,1036,688,546
ENSG00000046653,111,324,303,1395,718,5450,250,1075
ENSG00000046774,0,0,1,0,1,1,1,1
ENSG00000046889,78,28,104,29,5,7,16,5
ENSG00000047056,524,525,557,434,550,717,476,618
ENSG00000047188,713,747,713,458,729,1055,662,688
ENSG00000047230,352,249,299,214,353,381,337,356
ENSG00000047249,881,737,969,634,950,1012,754,897
ENSG00000047315,2435,2020,2534,1475,2746,3279,2060,2053
ENSG00000047346,673,541,726,460,746,596,612,722
ENSG00000047365,48,36,145,55,8,11,59,39
ENSG00000047410,4239,3729,5533,3012,5640,6603,4260,4416
ENSG00000047457,7,10,16,16,6,12,13,16
ENSG00000047578,853,602,954,560,987,1091,696,750
ENSG00000047579,244,235,256,159,276,290,227,242
ENSG00000047597,1,0,1,0,0,2,1,4
ENSG00000047617,7,7,15,15,14,20,6,8
ENSG00000047621,451,353,490,193,564,535,358,261
ENSG00000047634,360,444,561,324,428,596,409,483
ENSG00000047644,1184,1395,1735,979,1711,2939,1277,1665
ENSG00000047648,613,644,454,198,399,469,441,476
ENSG00000047662,9,1,7,10,3,11,4,4
ENSG00000047849,15532,14351,19186,11680,19374,24938,12804,15744
ENSG00000047932,1497,1210,1789,893,1830,1764,1362,1286
ENSG00000047936,0,2,1,1,6,3,0,0
ENSG00000048028,535,475,528,323,722,932,474,438
ENSG00000048052,344,220,512,205,587,491,426,323
ENSG00000048140,809,760,914,657,1064,1491,755,916
ENSG00000048162,93,102,112,107,106,247,106,111
ENSG00000048342,1050,742,993,442,1198,968,827,635
ENSG00000048392,1583,1223,1624,952,1606,1802,1360,1337
ENSG00000048405,317,320,340,295,379,579,314,411
ENSG00000048462,0,0,0,0,0,1,1,0
ENSG00000048471,1646,1554,2513,2140,1820,2481,1719,3112
ENSG00000048540,22,58,29,48,61,219,30,54
ENSG00000048544,827,631,962,595,877,1085,685,596
ENSG00000048545,2,2,17,4,10,4,4,0
ENSG00000048649,1536,1289,1731,996,2001,2281,1461,1612
ENSG00000048707,2343,2886,3223,2889,2527,4673,2554,4540
ENSG00000048740,4800,6502,4288,4974,3689,7679,3694,8988
ENSG00000048828,3408,3239,3983,2278,4393,6147,3119,3446
ENSG00000048991,566,467,631,307,734,639,451,423
ENSG00000049089,73,37,103,34,112,83,83,47
ENSG00000049130,2854,1863,3388,1909,4782,5628,2059,2251
ENSG00000049167,182,118,183,75,156,190,125,113
ENSG00000049192,155,134,223,89,249,235,100,57
ENSG00000049239,5730,5511,6852,5162,4823,9033,5349,7229
ENSG00000049245,3167,2808,3839,2689,3846,4867,2826,3343
ENSG00000049246,287,49,304,80,387,85,380,51
ENSG00000049247,0,0,2,0,2,1,0,0
ENSG00000049249,0,0,1,0,1,0,0,0
ENSG00000049283,20,11,16,3,13,13,16,8
ENSG00000049319,0,1,2,0,0,3,0,1
ENSG00000049323,14321,21629,19972,17205,18825,32452,13569,25225
ENSG00000049449,5167,4012,5163,2857,6323,7971,4493,4038
ENSG00000049540,4242,8030,7801,6454,2780,6282,5698,13802
ENSG00000049541,162,113,206,66,148,171,134,113
ENSG00000049618,1978,1556,1760,919,2309,2428,1673,1595
ENSG00000049656,1424,1407,1559,1065,1645,2534,1187,1411
ENSG00000049759,1631,607,2014,368,1927,1476,1526,782
ENSG00000049768,2,2,4,2,2,4,1,3
ENSG00000049769,113,80,110,70,126,103,80,77
ENSG00000049860,3765,2979,5221,3307,5944,6917,4005,4020
ENSG00000049883,197,112,244,114,185,215,157,148
ENSG00000050030,0,0,0,0,0,0,0,0
ENSG00000050130,898,760,1174,734,1252,1459,817,864
ENSG00000050165,12772,12887,20913,13000,18869,27144,15966,21281
ENSG00000050327,302,251,974,540,401,574,447,466
ENSG00000050344,196,156,235,121,347,408,172,198
ENSG00000050393,474,490,513,408,577,823,496,775
ENSG00000050405,6327,5606,13017,5367,12691,15242,8344,5943
ENSG00000050426,971,764,1104,656,1012,934,892,929
ENSG00000050438,46,29,92,55,115,105,55,38
ENSG00000050555,74,44,44,22,164,248,61,47
ENSG00000050628,350,288,515,214,452,363,282,288
ENSG00000050730,2,0,1,0,7,4,0,2
ENSG00000050748,919,768,1032,608,1023,1164,807,850
ENSG00000050767,0,3,0,0,0,1,0,2
ENSG00000050820,1118,1141,1190,619,1423,2325,1022,1054
ENSG00000051009,436,400,494,272,507,569,405,460
ENSG00000051108,1702,2377,2113,2047,2090,3951,1430,2707
ENSG00000051128,407,326,444,195,520,556,440,407
ENSG00000051180,15,37,37,41,26,58,44,66
ENSG00000051341,23,13,25,14,24,13,33,27
ENSG00000051382,296,257,366,295,389,580,284,442
ENSG00000051523,756,799,693,428,551,845,621,784
ENSG00000051596,301,207,458,250,296,322,253,216
ENSG00000051620,988,1166,1174,910,1250,1800,934,1343
ENSG00000051825,272,173,313,148,290,242,240,172
ENSG00000052126,1499,1105,1784,926,2218,1721,1275,1178
ENSG00000052344,0,0,0,0,1,0,0,0
ENSG00000052723,767,637,850,485,775,924,665,622
ENSG00000052749,270,255,315,188,416,565,287,247
ENSG00000052795,474,469,501,336,704,871,488,604
ENSG00000052802,376,283,433,237,307,364,258,241
ENSG00000052841,2150,1825,2627,1423,3038,3090,2171,2147
ENSG00000052850,9,0,4,0,0,6,64,22
ENSG00000053108,0,0,0,0,0,0,0,0
ENSG00000053254,3595,3488,3253,2995,4266,5333,2870,4724
ENSG00000053328,23,8,23,6,2,3,12,10
ENSG00000053371,986,907,985,603,963,1218,835,912
ENSG00000053372,302,318,375,253,369,616,314,320
ENSG00000053438,40,42,32,20,21,24,70,38
ENSG00000053501,328,276,381,165,331,368,273,246
ENSG00000053524,4,10,1,1,7,7,5,6
ENSG00000053702,29,28,50,25,43,44,44,33
ENSG00000053747,927,1358,513,951,1378,2127,793,1647
ENSG00000053770,514,430,644,346,620,763,438,478
ENSG00000053900,549,487,638,362,580,732,525,548
ENSG00000053918,0,1,0,0,1,0,0,0
ENSG00000054116,724,718,823,488,784,1033,673,671
ENSG00000054118,2878,2240,3505,1754,3654,3745,2777,2475
ENSG00000054148,1118,873,917,370,891,1070,654,515
ENSG00000054179,2,0,4,0,1,1,4,1
ENSG00000054219,6,5,8,14,4,16,15,26
ENSG00000054267,1070,852,1342,685,1411,1523,989,1048
ENSG00000054277,128,142,74,98,85,199,112,200
ENSG00000054282,444,327,582,277,629,464,662,555
ENSG00000054356,32,28,17,5,14,4,21,10
ENSG00000054392,106,79,128,67,136,104,89,91
ENSG00000054523,1556,1481,1666,1122,1707,2079,1343,1671
ENSG00000054598,449,337,412,237,615,701,613,496
ENSG00000054611,606,508,752,401,654,869,528,589
ENSG00000054654,1901,1083,1976,1275,1455,2043,1389,2402
ENSG00000054690,19,12,9,1,14,18,11,6
ENSG00000054793,2737,2052,3503,2370,3298,5126,3244,3924
ENSG00000054796,0,0,0,0,1,0,0,0
ENSG00000054803,0,0,0,0,0,0,0,0
ENSG00000054938,88,23,146,15,196,117,152,70
ENSG00000054965,1801,1321,2109,938,2075,2151,1676,1496
ENSG00000054967,16,7,7,6,13,20,17,9
ENSG00000054983,654,666,702,480,753,1091,470,649
ENSG00000055044,499,481,554,386,592,867,455,438
ENSG00000055070,2181,2026,2615,1612,2493,4055,1972,2469
ENSG00000055118,54,17,22,1,2,1,11,16
ENSG00000055130,1165,1306,1255,838,1456,2238,1117,1271
ENSG00000055147,561,476,623,359,581,825,433,445
ENSG00000055163,533,211,392,95,479,313,241,143
ENSG00000055208,1631,1330,1817,1198,2140,2503,1357,1621
ENSG00000055211,1911,1942,2875,2121,2576,3516,2011,2506
ENSG00000055332,2158,1606,2168,1134,2337,2572,1802,1659
ENSG00000055483,892,907,811,541,841,1160,772,855
ENSG00000055609,2294,1682,2112,995,2603,2717,2051,1972
ENSG00000055732,145,131,116,51,116,99,108,65
ENSG00000055813,21,9,44,4,7,5,59,27
ENSG00000055917,2309,2042,2321,1576,2531,3165,2104,2497
ENSG00000055950,637,474,680,330,625,821,447,475
ENSG00000055955,1,2,1,0,0,4,2,0
ENSG00000055957,0,0,0,0,1,0,0,0
ENSG00000056050,348,304,311,191,440,365,295,255
ENSG00000056097,2521,2472,3222,2071,3872,4988,2561,3010
ENSG00000056277,182,123,185,55,263,247,139,121
ENSG00000056291,0,0,0,0,0,0,1,0
ENSG00000056487,0,0,0,0,0,0,0,0
ENSG00000056558,182,253,279,163,171,216,203,260
ENSG00000056586,1130,1237,1480,1131,1500,2217,1086,1478
ENSG00000056661,634,500,887,398,927,864,578,487
ENSG00000056678,0,0,0,0,0,0,0,0
ENSG00000056736,103,46,108,30,83,49,122,61
ENSG00000056972,465,465,485,338,694,840,352,527
ENSG00000056998,232,227,311,180,301,510,211,263
ENSG00000057019,2252,1854,2439,1442,3572,3982,2283,2191
ENSG00000057149,0,0,0,0,0,0,0,0
ENSG00000057252,967,1379,969,1012,1091,1687,1016,1661
ENSG00000057294,12,57,9,11,1,14,3,7
ENSG00000057468,5,2,2,1,5,2,9,6
ENSG00000057593,3,6,11,7,1,9,4,4
ENSG00000057608,3670,3041,3815,2234,3766,4671,2961,3003
ENSG00000057657,118,129,163,251,175,467,88,331
ENSG00000057663,516,534,557,461,619,857,503,542
ENSG00000057704,16,31,15,25,9,12,16,23
ENSG00000057757,502,408,565,365,624,632,488,467
ENSG00000057935,810,620,1002,487,1098,1093,826,775
ENSG00000058056,349,347,400,356,475,741,386,469
ENSG00000058063,1315,1538,1687,1190,1633,2356,1504,2105
ENSG00000058085,52,93,66,61,63,115,35,89
ENSG00000058091,1280,983,1486,920,1704,1843,1288,1484
ENSG00000058262,10534,7508,12744,5762,11814,13261,9740,7216
ENSG00000058272,1498,1502,1766,1350,1842,2698,1290,1695
ENSG00000058335,1,0,2,3,3,4,0,0
ENSG00000058404,3,1,2,2,0,2,5,0
ENSG00000058453,644,609,567,312,648,807,628,646
ENSG00000058600,460,526,523,329,553,719,386,512
ENSG00000058668,9975,7392,16375,7484,12933,17286,10602,9607
ENSG00000058673,4157,3466,4268,2728,4541,5106,3541,3634
ENSG00000058729,339,292,424,219,477,495,326,282
ENSG00000058799,333,391,507,388,528,806,354,470
ENSG00000058804,279,227,323,191,282,364,246,174
ENSG00000058866,1,0,0,0,0,0,0,0
ENSG00000059122,1427,1301,1726,922,1046,1032,1255,1466
ENSG00000059145,633,667,697,475,714,970,551,741
ENSG00000059377,11,20,12,5,28,16,13,10
ENSG00000059378,251,240,256,199,295,320,203,212
ENSG00000059573,1754,1075,1761,731,1914,2299,1500,961
ENSG00000059588,415,250,466,235,374,464,379,253
ENSG00000059691,379,266,421,208,462,403,302,294
ENSG00000059728,230,165,208,139,212,200,178,171
ENSG00000059758,862,691,1016,427,1155,1149,860,651
ENSG00000059769,229,177,308,199,366,534,225,250
ENSG00000059804,1408,970,1166,676,1455,2388,1019,981
ENSG00000059915,148,110,135,65,218,229,151,95
ENSG00000060069,496,460,463,328,557,900,383,478
ENSG00000060138,4423,5386,4298,3676,5155,6862,3326,5840
ENSG00000060140,1,0,3,0,2,4,0,1
ENSG00000060237,5219,4067,6279,3355,7282,7793,5193,5254
ENSG00000060303,3,2,0,0,1,0,1,1
ENSG00000060339,1521,1485,1548,994,2412,2357,1409,1459
ENSG00000060491,1256,1199,1153,654,1128,1485,935,1088
ENSG00000060558,0,0,1,0,0,0,0,0
ENSG00000060566,0,0,1,0,0,0,0,0
ENSG00000060642,244,250,401,265,309,395,264,364
ENSG00000060656,400,399,500,235,365,612,316,366
ENSG00000060688,460,411,541,289,599,706,428,392
ENSG00000060709,0,0,2,0,2,0,0,0
ENSG00000060718,56,228,286,722,77,549,97,678
ENSG00000060749,1143,807,1109,591,1254,1499,1087,975
ENSG00000060762,281,314,323,280,260,378,227,341
ENSG00000060971,487,530,615,382,625,680,437,473
ENSG00000060982,1962,1650,2613,1524,2427,3210,2945,2936
ENSG00000061273,2487,3251,2742,2217,2285,4049,2193,3620
ENSG00000061337,93,30,125,31,92,74,76,41
ENSG00000061455,1182,952,1038,604,1056,999,593,774
ENSG00000061492,0,0,0,0,0,0,0,0
ENSG00000061656,65,75,122,50,92,202,76,123
ENSG00000061676,5065,4904,5456,4421,6390,8569,5264,6190
ENSG00000061794,500,540,598,448,635,804,516,596
ENSG00000061918,1758,2052,1875,1197,1542,1091,1746,1598
ENSG00000061936,825,692,1012,513,961,1050,774,778
ENSG00000061938,643,515,523,238,594,584,469,425
ENSG00000061987,1337,1105,1611,824,1644,1957,1271,1146
ENSG00000062038,1,0,1,1,1,4,1,1
ENSG00000062096,1,0,0,0,1,0,0,1
ENSG00000062194,1159,865,1316,712,1303,1412,1065,944
ENSG00000062282,13,15,10,5,43,31,18,11
ENSG00000062370,118,136,149,90,142,184,105,125
ENSG00000062485,1794,1621,1908,1074,2161,2142,1474,1437
ENSG00000062524,3,4,0,0,2,2,2,1
ENSG00000062582,20,9,10,5,22,20,8,11
ENSG00000062598,1196,1256,1252,870,1353,1558,1078,1247
ENSG00000062650,1039,946,1299,792,1360,1761,1002,1077
ENSG00000062716,2508,3351,3109,2738,3205,4799,2011,3166
ENSG00000062725,1809,1445,1815,1219,2493,2412,1593,1490
ENSG00000062822,159,112,135,45,159,172,110,87
ENSG00000063015,0,2,2,1,3,3,3,0
ENSG00000063046,11641,10304,12853,7771,12860,13259,9257,9505
ENSG00000063127,30,16,35,16,43,30,47,15
ENSG00000063169,219,267,250,196,247,436,193,258
ENSG00000063176,223,206,289,203,267,330,182,189
ENSG00000063177,9957,9400,9726,4222,9042,10363,6666,6732
ENSG00000063180,78,51,169,83,142,105,140,90
ENSG00000063241,416,338,416,197,454,616,298,280
ENSG00000063244,2283,1695,2440,1004,2493,2921,1839,1634
ENSG00000063245,2553,2577,2576,1515,2335,3240,1784,2182
ENSG00000063322,1281,1136,1558,949,1515,1831,1234,1407
ENSG00000063438,492,345,803,318,957,986,832,528
ENSG00000063515,0,0,0,0,0,0,0,0
ENSG00000063587,551,639,553,355,630,924,449,659
ENSG00000063601,727,624,819,474,853,976,654,689
ENSG00000063660,6139,3359,6541,2403,4979,5816,4310,3524
ENSG00000063761,107,102,128,64,138,126,113,102
ENSG00000063854,315,306,401,279,324,464,336,431
ENSG00000063978,1132,1011,1305,793,1410,1659,1022,1061
ENSG00000064012,339,220,443,224,432,468,323,319
ENSG00000064042,495,313,465,226,549,821,259,329
ENSG00000064102,398,366,434,234,547,641,292,291
ENSG00000064115,1220,1379,1249,1457,1145,2149,872,2041
ENSG00000064195,0,0,0,0,0,0,0,0
ENSG00000064199,58,44,115,73,111,129,91,81
ENSG00000064201,37,12,20,5,28,8,23,7
ENSG00000064205,1468,493,4508,1566,3316,2107,1753,1004
ENSG00000064218,0,0,0,0,0,0,0,0
ENSG00000064225,30,11,50,19,42,44,39,30
ENSG00000064270,1,4,0,1,3,6,4,1
ENSG00000064300,1,5,2,0,2,4,0,0
ENSG00000064309,579,103,600,141,330,245,698,165
ENSG00000064313,755,667,846,552,949,1205,740,755
ENSG00000064393,2170,2889,2128,1627,2629,4883,1978,3226
ENSG00000064419,1189,965,1390,749,1527,1664,1121,1125
ENSG00000064489,0,1,0,1,1,2,0,0
ENSG00000064490,266,267,369,188,357,435,224,224
ENSG00000064545,357,307,304,169,331,509,259,284
ENSG00000064547,30,28,47,19,61,67,37,39
ENSG00000064601,6812,4712,9597,4555,9453,9436,7527,6497
ENSG00000064607,1264,1163,1461,676,1469,1619,1076,942
ENSG00000064651,367,425,636,331,541,617,528,530
ENSG00000064652,213,260,237,210,306,508,191,295
ENSG00000064655,63,59,202,109,69,91,105,121
ENSG00000064666,5592,7621,8185,7553,7064,18338,5931,9340
ENSG00000064687,159,92,252,65,241,174,145,86
ENSG00000064692,98,45,77,14,29,6,51,20
ENSG00000064703,301,326,369,254,373,598,241,283
ENSG00000064726,1788,1645,2454,1550,2595,3474,1686,1876
ENSG00000064763,197,287,244,190,352,464,225,273
ENSG00000064787,3,1,14,1,1,0,12,3
ENSG00000064835,0,0,0,0,0,0,0,1
ENSG00000064886,1051,1227,1535,797,2099,2230,1066,879
ENSG00000064932,1310,1259,1170,725,1205,1982,855,1169
ENSG00000064933,327,453,384,349,397,725,391,451
ENSG00000064961,1081,1058,1126,697,1275,1708,902,1196
ENSG00000064989,64,37,49,15,55,48,24,17
ENSG00000064995,192,167,257,146,184,286,181,167
ENSG00000064999,607,592,823,547,813,948,606,735
ENSG00000065000,4182,3404,4526,2498,5005,6072,3371,3530
ENSG00000065029,426,376,562,298,589,623,413,404
ENSG00000065054,925,679,906,369,1068,1788,955,754
ENSG00000065057,93,86,116,52,115,143,91,74
ENSG00000065060,402,303,429,223,481,504,322,341
ENSG00000065135,1977,1642,1783,1289,1912,2458,1644,1719
ENSG00000065150,4331,3368,5104,2861,4661,5337,4973,4125
ENSG00000065154,2977,2765,3537,2170,2897,3550,2832,2898
ENSG00000065183,500,403,529,306,563,790,406,437
ENSG00000065243,1447,1256,1463,938,1662,1990,1228,1386
ENSG00000065268,337,331,270,139,278,529,220,261
ENSG00000065308,9723,9710,10219,7105,11266,14939,8476,9892
ENSG00000065320,4671,5628,4696,3591,2034,3722,3401,5368
ENSG00000065325,2,8,3,0,11,12,0,0
ENSG00000065328,7,5,6,4,12,8,8,5
ENSG00000065357,1058,898,1175,589,1134,1238,815,848
ENSG00000065361,5,3,45,26,14,29,16,29
ENSG00000065371,1,0,0,0,0,0,0,0
ENSG00000065413,91,58,151,101,178,167,146,159
ENSG00000065427,1919,1948,2286,1237,2309,3054,1447,1527
ENSG00000065457,267,237,328,154,358,318,236,203
ENSG00000065485,737,586,873,449,815,925,884,740
ENSG00000065491,348,262,374,161,412,342,315,227
ENSG00000065518,761,568,935,454,1077,1083,690,594
ENSG00000065526,1174,1612,1208,1079,1379,2144,1020,2002
ENSG00000065534,16718,16120,26734,14932,21127,28377,15489,14970
ENSG00000065548,828,710,962,536,1070,1192,743,616
ENSG00000065559,609,537,627,418,784,916,511,632
ENSG00000065600,83,75,110,59,125,108,97,80
ENSG00000065609,1,0,0,0,0,1,0,2
ENSG00000065613,1647,1471,1695,1184,1871,2327,1668,1809
ENSG00000065615,362,272,315,167,374,417,224,230
ENSG00000065618,1,1,1,0,3,2,2,2
ENSG00000065621,18,26,106,49,73,75,43,50
ENSG00000065665,147,101,158,69,204,165,145,103
ENSG00000065675,1,0,0,3,1,2,0,0
ENSG00000065717,256,428,154,134,178,431,156,220
ENSG00000065802,1138,1160,1164,796,1144,1845,1076,1368
ENSG00000065809,2677,1319,4865,1112,3015,2180,2546,1217
ENSG00000065833,793,504,873,381,1327,778,616,388
ENSG00000065882,563,732,800,760,752,1370,655,873
ENSG00000065883,1151,1063,1234,810,1421,1768,1015,1217
ENSG00000065911,438,481,493,446,437,336,508,687
ENSG00000065923,301,180,702,223,647,754,438,342
ENSG00000065970,795,720,809,489,868,946,704,781
ENSG00000065978,11417,9910,12397,6807,11585,13198,9340,8559
ENSG00000065989,696,734,672,446,810,1084,632,754
ENSG00000066027,685,602,726,653,761,1018,690,779
ENSG00000066032,0,0,0,0,0,0,0,0
ENSG00000066044,1141,958,1197,699,1200,1599,960,1037
ENSG00000066056,0,2,1,1,0,2,1,0
ENSG00000066084,1159,774,1019,557,1329,1209,968,944
ENSG00000066117,832,818,895,519,1073,1123,679,770
ENSG00000066135,977,700,1050,503,1089,1031,825,692
ENSG00000066136,399,305,488,211,526,511,410,338
ENSG00000066185,17,10,36,9,18,21,9,10
ENSG00000066230,52,59,73,21,35,31,26,31
ENSG00000066248,0,1,3,0,0,1,10,8
ENSG00000066279,95,70,228,75,184,129,123,87
ENSG00000066294,0,0,0,0,0,0,0,0
ENSG00000066322,926,1125,961,811,965,1739,793,1119
ENSG00000066336,0,0,2,1,1,1,3,0
ENSG00000066379,67,71,58,24,56,61,78,53
ENSG00000066382,14,11,12,2,0,0,26,8
ENSG00000066405,15,19,18,7,17,28,19,6
ENSG00000066422,531,315,577,297,518,566,491,377
ENSG00000066427,369,259,425,282,407,405,315,352
ENSG00000066455,1247,1151,1754,954,1759,2101,1173,1225
ENSG00000066468,74,9,42,7,8,5,71,13
ENSG00000066557,370,283,316,216,378,449,272,266
ENSG00000066583,415,338,289,174,280,345,266,263
ENSG00000066629,2664,2225,2969,1769,3331,4912,2765,2884
ENSG00000066651,219,161,285,162,234,235,258,246
ENSG00000066654,780,663,904,536,886,995,689,680
ENSG00000066697,731,393,615,260,930,632,615,387
ENSG00000066735,5,3,5,0,0,0,5,6
ENSG00000066739,1556,1160,1556,856,1627,1663,1443,1351
ENSG00000066777,1571,1346,1717,1108,1922,2279,1463,1705
ENSG00000066813,0,0,0,0,0,0,0,0
ENSG00000066827,247,138,248,95,306,310,191,159
ENSG00000066855,264,308,267,238,324,430,283,363
